#Accelerometer
accelerometer_noise_density: 0.004998684487122272 
accelerometer_random_walk: 3.468178628077564e-05 

#Gyroscope
gyroscope_noise_density: 0.0032614567835863193 
gyroscope_random_walk: 0.00011658095163943616 

rostopic: '/sensors/imu' #Make sure this is correct
update_rate: 400.0 #Make sure this is correct

